46.34	63.02	-37.33	1
-72.98	-8.58	-42.17	0
-86.09	45.04	-52.85	0
-90.51	-59.44	-2.6	0
-64.58	66.11	-35.15	1
0.3	3.06	-67.5	1
45.58	67.66	62.01	1
-76.44	19.86	-91.38	0
-77.38	78.56	-11.32	1
-15.44	-17.78	53.31	0
72.38	90.08	4.83	1
50.68	-92.87	40.85	0
-33.19	76.16	90.92	1
45.5	67.61	-45.85	1
-94.06	-77.05	-20.88	0
73.82	2.46	-47.08	1
2.5	49.71	-94.75	1
49.05	-83.21	83.64	0
74.55	23.75	72.99	1
-3.24	26.93	-95.29	1
61.36	-67.53	-8.48	0
-47.19	-13.6	78.29	0
37.96	-51.26	-24.69	0
-67.64	25.25	19.0	0
-43.41	-22.72	-79.1	0
-3.35	54.84	-55.47	1
-67.88	30.04	92.12	0
-31.58	-71.47	-33.65	0
43.65	-35.62	-28.78	1
-92.14	-96.14	-4.67	0
91.73	-45.56	59.59	1
-62.5	-97.25	80.74	0
50.73	3.86	30.11	1
37.71	37.67	11.47	1
57.26	-71.38	-37.37	0
-73.96	-13.75	-10.05	0
88.34	4.58	-34.46	1
62.15	43.89	-48.44	1
-62.17	-58.74	-79.7	0
-78.13	73.51	-75.0	1
-63.81	-99.25	64.01	0
-32.01	15.79	-83.77	1
-41.59	-44.14	-72.11	0
6.48	69.13	-61.63	1
-97.46	67.56	-13.5	0
26.21	-6.59	-30.09	1
-74.35	67.0	-40.97	1
15.19	25.84	-2.65	1
23.99	-7.85	12.29	1
71.76	93.25	68.91	1
-40.19	79.46	-26.97	1
85.58	83.06	41.58	1
84.43	26.19	-1.05	1
-64.99	-87.37	-67.31	0
-32.81	89.83	-58.85	1
85.78	20.84	58.95	1
27.62	-92.0	-99.04	0
0.83	64.83	-58.0	1
30.58	11.02	-47.84	1
-6.33	56.78	-25.04	1
-27.05	-95.6	71.14	0
71.43	61.15	22.99	1
-10.79	-44.53	81.67	0
-73.15	46.8	97.61	0
22.39	44.71	86.2	1
-54.96	-53.33	27.55	0
26.71	-9.28	-55.43	1
-76.57	-31.4	59.52	0
-22.21	38.38	87.29	0
52.77	-87.78	-47.9	0
50.42	2.86	-96.67	1
43.47	-72.1	-38.56	0
-0.57	-34.81	72.87	0
-18.0	-88.39	39.74	0
-75.62	88.35	-71.88	1
8.0	61.8	-13.69	1
-86.54	-88.83	-84.18	0
90.34	-44.03	17.71	1
40.38	-9.48	53.85	1
-86.5	-29.59	-67.42	0
63.23	38.91	62.22	1
33.6	-61.49	4.81	0
47.51	-66.93	35.88	0
4.56	-25.13	62.83	0
-78.3	71.87	81.59	0
-85.35	15.29	-50.12	0
62.15	-70.46	26.66	0
-81.05	80.13	-76.66	1
18.63	-81.24	-98.04	0
-86.52	-13.96	59.91	0
58.43	-46.3	91.87	0
64.07	84.73	-65.35	1
24.94	-14.25	-61.53	1
-67.75	-61.53	-20.62	0
24.11	-97.24	11.49	0
-63.47	91.83	6.67	1
-97.54	55.6	-65.13	0
75.96	-77.18	-34.78	0
-41.91	94.08	18.08	1
0.3	79.29	-40.9	1