93.85	33.58	-75.27	1
-62.55	-78.23	-58.25	0
-95.56	51.7	3.27	0
61.11	12.18	-6.98	1
-45.34	27.53	-99.76	1
2.83	94.9	86.68	1
-65.68	33.32	-82.34	1
-89.38	18.68	98.33	0
74.61	-54.28	29.63	0
26.53	-94.05	8.36	0
18.77	-4.12	-92.37	1
-80.46	-89.39	45.96	0
-61.4	0.11	90.17	0
-85.38	42.01	-48.36	0
96.57	51.15	46.23	1
14.32	12.76	95.39	0
83.65	-6.89	-29.42	1
83.5	1.94	-13.17	1
59.31	-11.47	14.61	1
-49.2	10.17	11.79	0
55.27	90.85	0.6	1
-37.31	65.24	89.47	1
2.24	-9.91	93.29	0
-20.96	59.4	-26.77	1
-5.2	4.67	66.75	0
90.59	-68.39	-28.87	1
-11.15	-8.61	-69.13	1
-80.27	-46.29	45.55	0
78.57	16.23	6.28	1
83.05	80.76	73.22	1
-10.62	65.75	85.73	1
37.51	38.78	40.75	1
-49.35	-63.63	80.85	0
8.34	73.89	-97.92	1
61.06	-81.62	79.67	0
-27.65	-20.52	-69.85	0
-47.54	-19.53	31.78	0
-86.85	-60.35	40.42	0
0.61	69.83	43.36	1
-65.92	-50.88	-98.49	0
80.97	57.84	-0.25	1
95.82	71.42	-37.43	1
-56.55	-98.03	-7.25	0
85.39	18.2	63.76	1
42.65	75.83	-14.52	1
-45.96	26.27	33.86	0
-55.71	11.79	-77.96	0
-51.6	-74.31	-40.44	0
-49.42	-53.31	58.94	0
-35.01	-15.63	-47.5	0
65.45	69.66	-16.89	1
-26.52	22.83	89.18	0
-13.72	-53.23	39.13	0
11.3	76.21	-44.09	1
0.33	51.39	46.97	1
96.4	93.58	-8.09	1
-51.31	-18.92	-74.69	0
-0.8	77.91	-0.67	1
-42.55	88.34	42.61	1
93.33	68.41	44.46	1
13.62	-36.37	-93.62	0
-25.66	-55.91	7.95	0
-63.65	-4.82	-97.15	0
-23.84	50.66	-42.42	1
12.82	38.76	-16.33	1
11.3	-53.34	41.22	0
64.36	72.93	13.51	1
-67.09	-55.73	65.02	0
36.88	47.07	95.2	1
-53.01	66.28	37.99	1
-56.98	0.26	94.89	0
-88.46	-97.15	-95.27	0
61.42	-94.69	-24.76	0
12.29	77.2	91.1	1
71.0	-15.17	-77.21	1
-62.06	-99.36	40.77	0
-37.64	17.92	-89.69	1
-35.99	-77.95	-62.6	0
31.39	-77.54	19.25	0
-45.34	13.31	-12.33	0
-31.51	-22.54	-32.7	0
58.06	65.31	49.34	1
-48.41	-26.73	7.28	0
86.06	-17.79	39.87	1
-49.49	-47.05	65.39	0
93.57	-23.78	11.65	1
70.03	22.68	48.06	1
11.77	-53.56	91.34	0
56.48	78.93	69.66	1
98.96	36.99	16.24	1
-29.7	-83.04	98.68	0
-8.1	92.04	-70.69	1
15.21	-50.91	20.25	0
-62.74	78.64	87.07	1
33.38	-54.26	52.01	0
-45.54	57.57	-71.68	1
-11.29	-86.0	19.86	0
-32.76	2.63	67.69	0
13.19	11.03	-13.54	1
-70.65	-15.45	52.43	0