1.00 0.00 2.11
1.00 0.10 5.66
1.00 0.20 2.64
1.00 0.30 6.50
1.00 0.40 4.65
1.00 0.51 5.57
1.00 0.61 6.65
1.00 0.71 5.71
1.00 0.81 4.91
1.00 0.91 4.67
1.00 1.01 4.43
1.00 1.11 8.03
1.00 1.21 6.84
1.00 1.31 5.73
1.00 1.41 9.64
1.00 1.52 6.92
1.00 1.62 7.92
1.00 1.72 7.63
1.00 1.82 9.60
1.00 1.92 9.66
1.00 2.02 10.06
1.00 2.12 8.69
1.00 2.22 9.09
1.00 2.32 9.24
1.00 2.42 9.91
1.00 2.53 9.30
1.00 2.63 9.71
1.00 2.73 14.00
1.00 2.83 14.29
1.00 2.93 10.73
1.00 3.03 10.21
1.00 3.13 11.42
1.00 3.23 14.20
1.00 3.33 14.90
1.00 3.43 11.42
1.00 3.54 14.49
1.00 3.64 11.92
1.00 3.74 14.79
1.00 3.84 15.71
1.00 3.94 17.75
1.00 4.04 14.42
1.00 4.14 17.44
1.00 4.24 18.08
1.00 4.34 18.64
1.00 4.44 14.34
1.00 4.55 16.98
1.00 4.65 19.85
1.00 4.75 17.24
1.00 4.85 19.61
1.00 4.95 18.58
1.00 5.05 20.01
1.00 5.15 18.88
1.00 5.25 16.90
1.00 5.35 17.49
1.00 5.45 17.92
1.00 5.56 18.92
1.00 5.66 22.79
1.00 5.76 21.43
1.00 5.86 22.66
1.00 5.96 21.71
1.00 6.06 22.36
1.00 6.16 23.54
1.00 6.26 24.42
1.00 6.36 24.65
1.00 6.46 24.52
1.00 6.57 21.17
1.00 6.67 22.81
1.00 6.77 21.48
1.00 6.87 24.34
1.00 6.97 25.89
1.00 7.07 22.47
1.00 7.17 23.46
1.00 7.27 24.65
1.00 7.37 24.34
1.00 7.47 27.40
1.00 7.58 25.49
1.00 7.68 27.22
1.00 7.78 26.80
1.00 7.88 27.55
1.00 7.98 29.64
1.00 8.08 29.96
1.00 8.18 26.10
1.00 8.28 30.07
1.00 8.38 27.88
1.00 8.48 26.96
1.00 8.59 28.67
1.00 8.69 29.61
1.00 8.79 32.17
1.00 8.89 29.52
1.00 8.99 28.03
1.00 9.09 32.57
1.00 9.19 29.13
1.00 9.29 31.27
1.00 9.39 33.43
1.00 9.49 32.06
1.00 9.60 32.02
1.00 9.70 34.09
1.00 9.80 30.50
1.00 9.90 33.56
1.00 10.00 33.06
