1.00 0.00 1.32
1.00 0.10 2.12
1.00 0.20 1.67
1.00 0.30 2.20
1.00 0.40 2.23
1.00 0.51 2.86
1.00 0.61 3.39
1.00 0.71 3.74
1.00 0.81 4.26
1.00 0.91 3.94
1.00 1.01 4.75
1.00 1.11 4.55
1.00 1.21 5.02
1.00 1.31 5.57
1.00 1.41 5.96
1.00 1.52 6.08
1.00 1.62 6.64
1.00 1.72 6.45
1.00 1.82 7.14
1.00 1.92 7.30
1.00 2.02 7.34
1.00 2.12 8.35
1.00 2.22 8.31
1.00 2.32 8.55
1.00 2.42 8.68
1.00 2.53 9.45
1.00 2.63 9.82
1.00 2.73 9.93
1.00 2.83 9.78
1.00 2.93 10.72
1.00 3.03 11.02
1.00 3.13 10.47
1.00 3.23 11.53
1.00 3.33 11.18
1.00 3.43 11.35
1.00 3.54 12.46
1.00 3.64 12.38
1.00 3.74 13.07
1.00 3.84 12.68
1.00 3.94 13.56
1.00 4.04 13.73
1.00 4.14 13.46
1.00 4.24 14.52
1.00 4.34 14.32
1.00 4.44 15.30
1.00 4.55 14.71
1.00 4.65 15.72
1.00 4.75 15.85
1.00 4.85 15.69
1.00 4.95 16.41
1.00 5.05 16.45
1.00 5.15 16.83
1.00 5.25 16.77
1.00 5.35 17.42
1.00 5.45 17.71
1.00 5.56 17.99
1.00 5.66 18.84
1.00 5.76 18.45
1.00 5.86 19.23
1.00 5.96 19.61
1.00 6.06 19.87
1.00 6.16 19.68
1.00 6.26 19.80
1.00 6.36 20.75
1.00 6.46 21.20
1.00 6.57 20.99
1.00 6.67 21.23
1.00 6.77 22.27
1.00 6.87 21.81
1.00 6.97 22.10
1.00 7.07 23.07
1.00 7.17 23.23
1.00 7.27 23.48
1.00 7.37 23.69
1.00 7.47 23.60
1.00 7.58 24.17
1.00 7.68 24.68
1.00 7.78 24.75
1.00 7.88 25.33
1.00 7.98 25.13
1.00 8.08 25.84
1.00 8.18 26.38
1.00 8.28 26.03
1.00 8.38 26.30
1.00 8.48 26.66
1.00 8.59 27.53
1.00 8.69 27.08
1.00 8.79 28.05
1.00 8.89 28.34
1.00 8.99 28.20
1.00 9.09 28.30
1.00 9.19 28.88
1.00 9.29 29.66
1.00 9.39 30.12
1.00 9.49 30.07
1.00 9.60 30.43
1.00 9.70 30.28
1.00 9.80 30.97
1.00 9.90 31.53
1.00 10.00 31.34
